0 0.489167 0.163750 0.115476 0.015833
0 0.599881 0.165833 0.041667 0.011667
0 0.670714 0.166667 0.042857 0.010000
0 0.526667 0.194167 0.204762 0.015000
0 0.692143 0.193750 0.057143 0.015833
0 0.823095 0.221250 0.083333 0.015833
0 0.420714 0.221250 0.197619 0.015833
0 0.719524 0.354167 0.092857 0.013333
0 0.378452 0.371250 0.041667 0.012500
0 0.417738 0.394167 0.034524 0.015000
0 0.284405 0.411667 0.060714 0.013333
0 0.651071 0.472083 0.096429 0.014167
0 0.208810 0.471667 0.014286 0.013333
0 0.257619 0.472500 0.014286 0.018333
0 0.280238 0.512083 0.097619 0.032500
0 0.387976 0.510417 0.060714 0.032500
0 0.207619 0.546250 0.009524 0.014167
0 0.229048 0.545417 0.011905 0.015833
0 0.249286 0.546667 0.011905 0.016667
0 0.632024 0.545417 0.139286 0.012500
0 0.337976 0.586250 0.125000 0.030833
0 0.352857 0.638333 0.147619 0.028333
0 0.318929 0.687083 0.084524 0.030833
0 0.695119 0.724583 0.034524 0.015833
0 0.296310 0.742500 0.032143 0.015000
0 0.513571 0.743333 0.033333 0.016667
0 0.582619 0.741667 0.033333 0.013333
0 0.376667 0.764167 0.202381 0.015000
0 0.316548 0.787500 0.077381 0.011667
0 0.539167 0.787083 0.165476 0.014167
