0 0.435000 0.182917 0.154762 0.039167
0 0.411190 0.223750 0.180952 0.035833
0 0.452857 0.264167 0.119048 0.035000
0 0.468929 0.343750 0.032143 0.039167
0 0.239167 0.374583 0.217857 0.017500
0 0.645714 0.415417 0.159524 0.014167
0 0.201071 0.440417 0.048810 0.015833
0 0.267143 0.439167 0.064286 0.015000
0 0.340952 0.441250 0.064286 0.017500
0 0.419524 0.439583 0.066667 0.015833
0 0.441548 0.463750 0.529762 0.017500
0 0.470714 0.487083 0.592857 0.017500
0 0.405238 0.529167 0.450000 0.045000
0 0.402262 0.581667 0.308333 0.043333
0 0.333810 0.630000 0.030952 0.038333
0 0.597500 0.628750 0.170238 0.017500
0 0.262381 0.660417 0.050000 0.017500
0 0.329048 0.660000 0.059524 0.013333
0 0.432024 0.662083 0.063095 0.035833
0 0.424286 0.715833 0.490476 0.040000
0 0.518929 0.762917 0.672619 0.039167
0 0.365357 0.818750 0.367857 0.039167
