0 0.223690 0.190833 0.025000 0.018333
0 0.514167 0.236667 0.017857 0.036667
0 0.555238 0.236250 0.045238 0.014167
0 0.345119 0.262917 0.022619 0.032500
0 0.328452 0.380833 0.175000 0.036667
0 0.654048 0.382083 0.176190 0.035833
0 0.340357 0.422917 0.201190 0.037500
0 0.696905 0.422917 0.254762 0.034167
0 0.364167 0.533750 0.246429 0.039167
0 0.687976 0.535833 0.241667 0.041667
0 0.340357 0.584167 0.201190 0.038333
0 0.715952 0.577500 0.295238 0.040000
0 0.774881 0.648750 0.017857 0.035833
0 0.791548 0.818750 0.015476 0.035833
0 0.497500 0.842917 0.036905 0.015833
