0 0.705238 0.164583 0.050000 0.014167
0 0.764762 0.189583 0.147619 0.017500
0 0.615357 0.187917 0.086905 0.017500
0 0.739762 0.210833 0.130952 0.016667
0 0.767738 0.226250 0.015476 0.012500
0 0.677262 0.227083 0.015476 0.010833
0 0.768333 0.247917 0.109524 0.015833
0 0.768333 0.266250 0.111905 0.015833
0 0.799881 0.279167 0.015476 0.006667
0 0.751071 0.278750 0.013095 0.010833
0 0.707024 0.279583 0.015476 0.007500
0 0.326667 0.245417 0.311905 0.015833
0 0.220119 0.262917 0.182143 0.012500
0 0.518333 0.310833 0.297619 0.020000
0 0.232619 0.334583 0.140476 0.012500
0 0.374881 0.336250 0.125000 0.014167
0 0.450476 0.384167 0.288095 0.016667
0 0.593333 0.407083 0.238095 0.015833
0 0.621905 0.431250 0.295238 0.014167
0 0.568333 0.455833 0.185714 0.013333
0 0.527857 0.478750 0.102381 0.012500
0 0.545714 0.533333 0.207143 0.015000
0 0.273095 0.558750 0.030952 0.020833
0 0.358214 0.557917 0.044048 0.020833
0 0.448690 0.592917 0.029762 0.019167
0 0.539762 0.594583 0.042857 0.019167
0 0.702857 0.592083 0.250000 0.024167
0 0.785595 0.622500 0.053571 0.016667
0 0.757024 0.690417 0.089286 0.040833
0 0.789762 0.755417 0.100000 0.039167
0 0.748095 0.816250 0.059524 0.040833
0 0.262976 0.654167 0.101190 0.020000
0 0.157619 0.677083 0.052381 0.019167
0 0.304643 0.680417 0.198810 0.019167
0 0.214167 0.703333 0.029762 0.016667
0 0.306429 0.703333 0.042857 0.015000
0 0.310595 0.745417 0.153571 0.014167
0 0.195119 0.717917 0.013095 0.005833
0 0.290952 0.715417 0.011905 0.007500
0 0.262976 0.765417 0.025000 0.017500
0 0.337976 0.768333 0.044048 0.013333
0 0.240952 0.783750 0.016667 0.014167
0 0.311786 0.804583 0.020238 0.015833
0 0.311190 0.824583 0.019048 0.014167
0 0.377857 0.838750 0.014286 0.010833
