0 0.192143 0.321250 0.030952 0.017500
0 0.719524 0.379583 0.011905 0.035833
0 0.598095 0.402500 0.040476 0.033333
0 0.307024 0.405000 0.046429 0.015000
0 0.710000 0.433750 0.019048 0.034167
0 0.671905 0.458750 0.019048 0.037500
0 0.239762 0.558333 0.045238 0.035000
0 0.281429 0.594583 0.040476 0.014167
0 0.211190 0.617500 0.057143 0.015000
0 0.399286 0.617500 0.059524 0.015000
0 0.599286 0.617083 0.057143 0.014167
0 0.621905 0.666667 0.083333 0.015000
0 0.833214 0.665000 0.055952 0.015000
0 0.621310 0.690833 0.098810 0.013333
0 0.836786 0.690417 0.058333 0.014167
0 0.625476 0.715000 0.045238 0.013333
0 0.199286 0.837500 0.033333 0.021667
