0 0.474881 0.338333 0.020238 0.038333
0 0.564762 0.337500 0.016667 0.038333
0 0.215952 0.390833 0.021429 0.040000
0 0.315952 0.389583 0.026190 0.035833
0 0.417143 0.390000 0.021429 0.038333
0 0.662381 0.388750 0.019048 0.035833
0 0.755833 0.389167 0.022619 0.036667
0 0.189167 0.443333 0.020238 0.035000
0 0.474881 0.442500 0.013095 0.033333
0 0.565357 0.440833 0.020238 0.036667
0 0.660000 0.442917 0.014286 0.034167
0 0.211190 0.493333 0.016667 0.036667
0 0.303452 0.493333 0.020238 0.036667
0 0.396905 0.494167 0.016667 0.036667
0 0.218333 0.547500 0.028571 0.035000
0 0.336190 0.545000 0.021429 0.035000
0 0.463571 0.544167 0.023810 0.038333
0 0.588571 0.544167 0.028571 0.033333
0 0.704048 0.543333 0.016667 0.035000
0 0.824286 0.543333 0.023810 0.038333
0 0.212976 0.595833 0.015476 0.035000
0 0.363571 0.598750 0.021429 0.035833
0 0.639167 0.597917 0.020238 0.035833
0 0.717738 0.648333 0.017857 0.036667
0 0.599286 0.647083 0.023810 0.035833
0 0.477857 0.650000 0.026190 0.036667
0 0.335000 0.648333 0.026190 0.038333
0 0.210595 0.648750 0.015476 0.035833
0 0.210000 0.702083 0.016667 0.035833
0 0.332619 0.700417 0.014286 0.034167
0 0.451667 0.701250 0.023810 0.035833
0 0.667738 0.699583 0.027381 0.037500
0 0.787976 0.701250 0.027381 0.039167
0 0.345119 0.820000 0.027381 0.036667
0 0.394524 0.818333 0.030952 0.036667
0 0.440952 0.818750 0.023810 0.034167
0 0.493333 0.820000 0.023810 0.038333
0 0.540952 0.820417 0.023810 0.035833
0 0.587976 0.818750 0.025000 0.039167
0 0.637381 0.820417 0.026190 0.035833
0 0.688571 0.819167 0.030952 0.038333
0 0.737976 0.820417 0.027381 0.039167
0 0.786190 0.817917 0.021429 0.037500
0 0.835000 0.820833 0.026190 0.036667
