0 0.454643 0.165833 0.039286 0.020000
0 0.465952 0.195417 0.061905 0.022500
0 0.532619 0.192917 0.030952 0.022500
0 0.579048 0.192083 0.033333 0.022500
0 0.624881 0.194167 0.034524 0.020000
0 0.681429 0.221250 0.050000 0.017500
0 0.771310 0.288333 0.063095 0.015000
0 0.633810 0.286250 0.050000 0.015833
0 0.501667 0.285833 0.052381 0.015000
0 0.370119 0.285833 0.039286 0.015000
0 0.240952 0.285833 0.059524 0.015000
0 0.551071 0.338750 0.025000 0.025833
0 0.245119 0.672917 0.060714 0.034167
0 0.238571 0.724167 0.054762 0.016667
0 0.305238 0.725833 0.069048 0.016667
0 0.488571 0.727083 0.045238 0.035833
0 0.561786 0.727500 0.077381 0.020000
0 0.742143 0.726667 0.042857 0.013333
0 0.812976 0.727917 0.077381 0.020833
0 0.238571 0.775000 0.052381 0.018333
0 0.298690 0.778333 0.058333 0.015000
0 0.498095 0.777500 0.071429 0.033333
0 0.577857 0.778333 0.064286 0.031667
0 0.744524 0.775417 0.042857 0.014167
0 0.804048 0.777083 0.059524 0.017500
0 0.231429 0.831250 0.045238 0.012500
0 0.299286 0.830000 0.057143 0.031667
0 0.484405 0.832500 0.044048 0.015000
0 0.545119 0.832500 0.063095 0.013333
0 0.744524 0.829583 0.050000 0.017500
0 0.234405 0.865000 0.048810 0.013333
0 0.583810 0.622500 0.021429 0.036667
