0 0.233810 0.334583 0.038095 0.015833
0 0.232024 0.366250 0.015476 0.035833
0 0.242143 0.460833 0.014286 0.038333
0 0.480238 0.484167 0.014286 0.036667
0 0.344524 0.553750 0.064286 0.032500
0 0.690952 0.577083 0.040476 0.015833
0 0.251667 0.786250 0.042857 0.030833
0 0.443333 0.785417 0.028571 0.034167
0 0.621310 0.785833 0.034524 0.035000
0 0.788571 0.785417 0.042857 0.034167
0 0.249881 0.824167 0.034524 0.033333
0 0.446905 0.825000 0.033333 0.035000
0 0.629048 0.826250 0.050000 0.034167
0 0.778452 0.825833 0.020238 0.035000
0 0.242738 0.864167 0.025000 0.031667
0 0.445119 0.864167 0.027381 0.031667
