0 0.195714 0.173750 0.033333 0.022500
0 0.636190 0.174167 0.030952 0.016667
0 0.190357 0.216250 0.032143 0.019167
0 0.257024 0.215833 0.072619 0.038333
0 0.366548 0.218333 0.041667 0.013333
0 0.420714 0.215833 0.038095 0.013333
0 0.653452 0.217917 0.070238 0.017500
0 0.226667 0.270833 0.097619 0.036667
0 0.384405 0.272083 0.070238 0.040833
0 0.449286 0.272500 0.040476 0.016667
0 0.512976 0.271250 0.065476 0.040833
0 0.227857 0.367083 0.026190 0.035833
0 0.633810 0.367500 0.042857 0.015000
0 0.745714 0.366667 0.045238 0.015000
0 0.279643 0.400000 0.036905 0.016667
0 0.190357 0.465000 0.032143 0.013333
0 0.373095 0.465000 0.107143 0.015000
0 0.572500 0.465000 0.055952 0.018333
0 0.733214 0.464583 0.039286 0.017500
0 0.784405 0.466250 0.046429 0.015833
0 0.234405 0.488333 0.044048 0.016667
0 0.285595 0.487083 0.041667 0.015833
0 0.337976 0.487917 0.041667 0.017500
0 0.243333 0.516250 0.059524 0.015833
0 0.313571 0.517917 0.059524 0.015833
0 0.387381 0.517083 0.059524 0.017500
0 0.778452 0.516667 0.020238 0.036667
0 0.226071 0.545417 0.017857 0.034167
0 0.189167 0.587917 0.025000 0.037500
0 0.305238 0.587500 0.047619 0.018333
0 0.264762 0.633333 0.061905 0.040000
0 0.518333 0.633333 0.071429 0.036667
0 0.271905 0.680000 0.073810 0.040000
0 0.373095 0.682917 0.073810 0.040833
0 0.341548 0.725833 0.244048 0.038333
0 0.252262 0.631250 0.013095 0.034167
0 0.276071 0.631250 0.015476 0.030833
0 0.252262 0.680417 0.017857 0.034167
0 0.287381 0.680417 0.023810 0.032500
0 0.353452 0.681250 0.017857 0.034167
0 0.387976 0.681250 0.022619 0.034167
0 0.281429 0.726667 0.104762 0.030000
0 0.398690 0.724167 0.108333 0.033333
0 0.501071 0.632083 0.017857 0.032500
0 0.535000 0.632083 0.019048 0.032500
0 0.263571 0.812083 0.092857 0.035833
0 0.364762 0.812917 0.095238 0.037500
0 0.553452 0.810000 0.091667 0.040000
0 0.651667 0.811667 0.090476 0.036667
0 0.371905 0.861250 0.097619 0.037500
0 0.482619 0.864583 0.092857 0.039167
0 0.704643 0.864583 0.089286 0.037500
0 0.805833 0.861250 0.089286 0.035833
