0 0.217738 0.185000 0.079762 0.038333
0 0.312976 0.184583 0.086905 0.035833
0 0.408214 0.184167 0.082143 0.035000
0 0.502857 0.182917 0.078571 0.034167
0 0.607024 0.182917 0.098810 0.034167
0 0.229643 0.229583 0.025000 0.039167
0 0.480833 0.229167 0.022619 0.036667
0 0.510595 0.278333 0.084524 0.031667
0 0.607024 0.277917 0.086905 0.030833
0 0.704643 0.277917 0.082143 0.032500
0 0.467738 0.390833 0.094048 0.043333
0 0.656429 0.394167 0.092857 0.041667
0 0.811786 0.394583 0.025000 0.035833
0 0.712976 0.430000 0.079762 0.016667
0 0.807619 0.431667 0.080952 0.018333
0 0.212976 0.540417 0.077381 0.017500
0 0.461190 0.540417 0.078571 0.014167
0 0.755833 0.539583 0.136905 0.019167
0 0.260000 0.631667 0.169048 0.038333
0 0.412976 0.629167 0.110714 0.038333
0 0.561786 0.625000 0.160714 0.041667
0 0.258214 0.693750 0.165476 0.045833
0 0.408810 0.695417 0.109524 0.034167
0 0.560595 0.691667 0.167857 0.021667
0 0.260000 0.752917 0.166667 0.040833
0 0.452262 0.757083 0.189286 0.042500
0 0.341548 0.866250 0.036905 0.020833
0 0.604048 0.865000 0.038095 0.021667
0 0.737976 0.865000 0.041667 0.025000
