0 0.224881 0.379167 0.082143 0.015000
0 0.721905 0.378333 0.085714 0.013333
0 0.533214 0.253750 0.025000 0.014167
0 0.537976 0.296250 0.032143 0.014167
0 0.533214 0.337500 0.022619 0.015000
0 0.533810 0.379583 0.026190 0.012500
0 0.532024 0.402917 0.022619 0.014167
0 0.642143 0.842500 0.023810 0.015000
0 0.232024 0.862083 0.027381 0.017500
0 0.140357 0.752917 0.025000 0.017500
0 0.160000 0.637500 0.021429 0.016667
0 0.205833 0.480833 0.022619 0.015000
0 0.241548 0.480833 0.025000 0.018333
0 0.271310 0.480000 0.020238 0.013333
0 0.300476 0.480417 0.023810 0.012500
0 0.359405 0.478333 0.022619 0.013333
