0 0.227262 0.226667 0.108333 0.015000
0 0.343333 0.227083 0.109524 0.014167
0 0.221905 0.304583 0.097619 0.014167
0 0.327262 0.304583 0.105952 0.014167
0 0.254048 0.425417 0.083333 0.015833
0 0.336190 0.425417 0.071429 0.015833
0 0.246905 0.484167 0.071429 0.015000
0 0.324881 0.484167 0.072619 0.015000
0 0.264167 0.529583 0.098810 0.015833
0 0.371905 0.529167 0.100000 0.016667
0 0.502262 0.720833 0.070238 0.015000
0 0.423690 0.758750 0.044048 0.015833
0 0.471310 0.760000 0.041667 0.015000
0 0.223095 0.780417 0.095238 0.015833
0 0.376071 0.781667 0.101190 0.013333
0 0.271310 0.824583 0.117857 0.014167
0 0.549286 0.825000 0.123810 0.016667
0 0.786190 0.824167 0.126190 0.016667
0 0.410000 0.847500 0.052381 0.016667
0 0.464167 0.847500 0.041667 0.018333
0 0.543929 0.846250 0.044048 0.017500
