0 0.475476 0.172500 0.064286 0.015000
0 0.165357 0.546667 0.048810 0.013333
0 0.443929 0.545000 0.055952 0.015000
0 0.532024 0.546667 0.058333 0.015000
0 0.548095 0.610000 0.054762 0.013333
0 0.198690 0.628333 0.060714 0.013333
0 0.330238 0.628333 0.059524 0.015000
0 0.418333 0.627917 0.061905 0.014167
0 0.505833 0.626667 0.060714 0.015000
0 0.197500 0.645417 0.058333 0.014167
0 0.454048 0.790833 0.052381 0.013333
0 0.310000 0.806250 0.057143 0.014167
0 0.397500 0.807083 0.058333 0.014167
0 0.220119 0.852083 0.055952 0.015833
0 0.306429 0.851667 0.057143 0.015000
