0 0.261190 0.237500 0.054762 0.021667
0 0.510000 0.240000 0.021429 0.016667
0 0.239167 0.313333 0.029762 0.020000
0 0.476071 0.314167 0.032143 0.013333
0 0.669524 0.315000 0.076190 0.033333
0 0.465952 0.453750 0.047619 0.034167
0 0.457024 0.545417 0.046429 0.015833
0 0.227262 0.643750 0.103571 0.015833
0 0.391548 0.642917 0.113095 0.015833
0 0.392738 0.722500 0.189286 0.016667
0 0.704643 0.722500 0.179762 0.013333
0 0.235000 0.783750 0.121429 0.014167
0 0.488571 0.784167 0.100000 0.018333
0 0.229048 0.846250 0.109524 0.017500
0 0.410595 0.847917 0.120238 0.015833
0 0.581429 0.847917 0.121429 0.017500
0 0.468333 0.585000 0.061905 0.018333
0 0.499881 0.414167 0.032143 0.015000
0 0.583810 0.415833 0.033333 0.018333
