0 0.201667 0.173333 0.040476 0.025000
0 0.345714 0.174583 0.042857 0.022500
0 0.593333 0.173333 0.092857 0.023333
0 0.764167 0.174583 0.096429 0.027500
0 0.195119 0.224167 0.034524 0.033333
0 0.348095 0.220000 0.040476 0.023333
0 0.570119 0.220833 0.044048 0.023333
0 0.757024 0.222083 0.082143 0.025833
0 0.219524 0.265000 0.080952 0.021667
0 0.348690 0.264167 0.046429 0.018333
0 0.380833 0.440000 0.067857 0.016667
0 0.480833 0.439583 0.063095 0.015833
0 0.283810 0.534167 0.028571 0.013333
0 0.416548 0.534167 0.029762 0.015000
0 0.555238 0.532917 0.028571 0.017500
0 0.699286 0.532917 0.030952 0.017500
0 0.849286 0.534167 0.033333 0.013333
0 0.211786 0.632083 0.065476 0.034167
0 0.383214 0.632500 0.058333 0.035000
0 0.582619 0.629167 0.064286 0.035000
0 0.645714 0.690000 0.166667 0.051667
0 0.448690 0.666667 0.029762 0.016667
0 0.436190 0.691250 0.033333 0.015833
0 0.264167 0.666667 0.032143 0.013333
0 0.252857 0.729583 0.035714 0.014167
0 0.375476 0.730417 0.028571 0.014167
0 0.607024 0.729167 0.032143 0.015000
0 0.279643 0.765417 0.022619 0.015833
0 0.427857 0.765833 0.030952 0.016667
0 0.704643 0.765000 0.075000 0.038333
0 0.224881 0.812500 0.096429 0.036667
0 0.504643 0.812917 0.091667 0.037500
0 0.736190 0.812917 0.083333 0.020833
