0 0.251071 0.208750 0.041667 0.014167
0 0.335595 0.208750 0.051190 0.014167
0 0.429643 0.210000 0.039286 0.015000
0 0.255833 0.232917 0.046429 0.014167
0 0.340357 0.230417 0.048810 0.014167
0 0.430238 0.232500 0.035714 0.013333
0 0.295714 0.254167 0.126190 0.016667
0 0.414762 0.255417 0.038095 0.012500
0 0.501071 0.254167 0.039286 0.011667
0 0.371905 0.370000 0.030952 0.021667
0 0.192738 0.394583 0.041667 0.015833
0 0.483214 0.393750 0.086905 0.014167
0 0.578452 0.393333 0.084524 0.018333
0 0.674881 0.394167 0.086905 0.013333
0 0.556429 0.443750 0.095238 0.019167
0 0.505833 0.536250 0.048810 0.012500
0 0.594524 0.536250 0.052381 0.015833
0 0.617143 0.762917 0.073810 0.019167
