0 0.595119 0.235833 0.048810 0.018333
0 0.676071 0.235417 0.053571 0.015833
0 0.754643 0.237500 0.051190 0.016667
0 0.265952 0.342917 0.023810 0.015833
0 0.326071 0.341667 0.053571 0.015000
0 0.628452 0.364583 0.022619 0.019167
0 0.671310 0.363750 0.046429 0.019167
0 0.742738 0.365417 0.051190 0.015833
0 0.683214 0.380000 0.027381 0.016667
0 0.747500 0.380000 0.055952 0.015000
0 0.195119 0.418750 0.027381 0.015833
0 0.242738 0.417500 0.053571 0.013333
0 0.316548 0.418333 0.053571 0.013333
0 0.520714 0.497083 0.047619 0.014167
0 0.595119 0.496250 0.079762 0.012500
0 0.706429 0.496667 0.123810 0.015000
0 0.258214 0.634167 0.167857 0.015000
0 0.586786 0.634583 0.205952 0.017500
0 0.300476 0.658750 0.245238 0.017500
0 0.568333 0.657500 0.164286 0.016667
0 0.305833 0.681667 0.258333 0.020000
