0 0.702262 0.191667 0.134524 0.016667
0 0.709405 0.213750 0.139286 0.015833
0 0.697500 0.237500 0.132143 0.016667
0 0.187381 0.260000 0.030952 0.016667
0 0.221905 0.259167 0.028571 0.015000
0 0.256429 0.259583 0.030952 0.017500
0 0.502857 0.276250 0.078571 0.017500
0 0.215357 0.294583 0.082143 0.017500
0 0.358810 0.375000 0.038095 0.013333
0 0.499881 0.373750 0.034524 0.017500
0 0.196310 0.474167 0.036905 0.021667
0 0.575476 0.472500 0.040476 0.020000
0 0.771905 0.473750 0.059524 0.020833
0 0.793929 0.565417 0.070238 0.017500
0 0.222500 0.658750 0.036905 0.019167
0 0.396905 0.661667 0.035714 0.023333
0 0.596310 0.659583 0.086905 0.025833
0 0.569524 0.742917 0.030952 0.017500
0 0.640952 0.741250 0.090476 0.019167
0 0.667738 0.739583 0.039286 0.017500
0 0.736190 0.741250 0.083333 0.020833
0 0.758810 0.740000 0.033333 0.020000
0 0.808810 0.739583 0.045238 0.022500
0 0.226071 0.767917 0.108333 0.017500
0 0.424286 0.847917 0.157143 0.042500
0 0.200476 0.740000 0.052381 0.018333
0 0.195119 0.849167 0.044048 0.016667
0 0.366548 0.192083 0.132143 0.015833
