0 0.462381 0.236250 0.057143 0.017500
0 0.570714 0.261667 0.054762 0.016667
0 0.180238 0.283750 0.104762 0.015833
0 0.430238 0.282917 0.052381 0.015833
0 0.533810 0.282083 0.052381 0.014167
0 0.618333 0.282917 0.050000 0.014167
0 0.780833 0.281250 0.094048 0.015833
0 0.157619 0.303333 0.061905 0.015000
0 0.243333 0.301667 0.057143 0.015000
0 0.765357 0.345833 0.058333 0.016667
0 0.695119 0.378750 0.053571 0.015833
0 0.778452 0.379167 0.055952 0.016667
0 0.411190 0.441250 0.045238 0.014167
0 0.270714 0.466667 0.078571 0.015000
0 0.423690 0.492083 0.058333 0.015833
0 0.345714 0.492917 0.026190 0.020833
0 0.518929 0.491250 0.063095 0.015833
0 0.615357 0.491667 0.060714 0.015000
0 0.529643 0.511250 0.053571 0.015833
0 0.463571 0.512500 0.023810 0.018333
0 0.523095 0.537083 0.057143 0.019167
0 0.609405 0.535833 0.060714 0.018333
0 0.521905 0.762500 0.169048 0.018333
0 0.517738 0.789583 0.155952 0.015833
0 0.517738 0.815833 0.141667 0.013333
