0 0.218333 0.427083 0.023810 0.015833
0 0.205238 0.447500 0.038095 0.015000
0 0.302262 0.465833 0.036905 0.016667
0 0.494524 0.462917 0.064286 0.012500
0 0.647500 0.446250 0.036905 0.017500
0 0.265952 0.487500 0.102381 0.013333
0 0.786786 0.488333 0.155952 0.021667
0 0.632024 0.526667 0.210714 0.033333
0 0.561786 0.577500 0.048810 0.036667
0 0.634405 0.572917 0.063095 0.020833
0 0.740952 0.575833 0.111905 0.036667
0 0.836190 0.623750 0.057143 0.015833
0 0.171310 0.657500 0.072619 0.021667
0 0.254643 0.658333 0.060714 0.018333
0 0.329643 0.661667 0.053571 0.035000
0 0.395714 0.660833 0.045238 0.015000
0 0.460595 0.659583 0.060714 0.035833
0 0.246310 0.691667 0.096429 0.015000
0 0.329643 0.691667 0.053571 0.013333
0 0.801071 0.752500 0.115476 0.036667
0 0.158810 0.797917 0.061905 0.015833
0 0.264167 0.798750 0.113095 0.017500
0 0.395714 0.801667 0.102381 0.031667
0 0.507024 0.800417 0.094048 0.034167
0 0.602857 0.800833 0.073810 0.033333
0 0.538571 0.850833 0.107143 0.018333
0 0.189167 0.867917 0.044048 0.012500
