0 0.267738 0.230417 0.086905 0.014167
0 0.499286 0.232083 0.088095 0.014167
0 0.749881 0.231250 0.096429 0.014167
0 0.744524 0.253750 0.078571 0.015833
0 0.480238 0.254167 0.054762 0.015000
0 0.260595 0.255417 0.067857 0.012500
0 0.236786 0.323750 0.015476 0.034167
0 0.473690 0.321667 0.022619 0.021667
0 0.505238 0.321250 0.014286 0.037500
0 0.742143 0.322083 0.021429 0.020833
0 0.475476 0.363333 0.026190 0.035000
0 0.511786 0.363750 0.015476 0.035833
0 0.195119 0.466250 0.129762 0.015833
0 0.294524 0.483750 0.138095 0.012500
0 0.607619 0.485417 0.135714 0.017500
0 0.730833 0.485000 0.046429 0.015000
0 0.273690 0.503333 0.022619 0.016667
0 0.507619 0.502500 0.097619 0.015000
0 0.529643 0.527083 0.094048 0.015833
0 0.186786 0.545833 0.117857 0.015000
0 0.499881 0.570417 0.339286 0.017500
0 0.576071 0.595000 0.205952 0.018333
0 0.366548 0.709167 0.113095 0.015000
0 0.478452 0.710000 0.046429 0.011667
0 0.371905 0.808333 0.461905 0.016667
0 0.546905 0.766667 0.050000 0.015000
0 0.348690 0.830417 0.298810 0.014167
0 0.418929 0.853333 0.384524 0.015000
0 0.812976 0.711250 0.051190 0.015833
0 0.689167 0.736250 0.044048 0.012500
0 0.790357 0.733750 0.110714 0.015833
0 0.770119 0.755833 0.079762 0.016667
0 0.806429 0.783750 0.045238 0.014167
0 0.807619 0.803333 0.045238 0.013333
