0 0.233214 0.193333 0.039286 0.013333
0 0.285595 0.193750 0.041667 0.014167
0 0.505833 0.193750 0.039286 0.012500
0 0.555238 0.194167 0.038095 0.013333
0 0.761190 0.193750 0.078571 0.012500
0 0.233810 0.238750 0.040476 0.012500
0 0.287381 0.238750 0.042857 0.014167
0 0.505833 0.238750 0.041667 0.014167
0 0.558810 0.239583 0.040476 0.015833
0 0.742143 0.238750 0.040476 0.014167
0 0.795119 0.239167 0.041667 0.013333
0 0.197500 0.261250 0.048810 0.014167
0 0.254643 0.260417 0.039286 0.010833
0 0.315357 0.260000 0.055952 0.011667
0 0.251071 0.283333 0.077381 0.013333
0 0.325476 0.284167 0.047619 0.015000
0 0.630833 0.283333 0.053571 0.018333
0 0.689167 0.282500 0.051190 0.013333
0 0.746905 0.283333 0.047619 0.013333
0 0.250476 0.305833 0.078571 0.011667
0 0.345714 0.305833 0.090476 0.013333
0 0.237976 0.322083 0.048810 0.012500
0 0.298095 0.322083 0.047619 0.012500
0 0.273690 0.343750 0.117857 0.014167
0 0.399286 0.342917 0.119048 0.014167
0 0.382619 0.360833 0.059524 0.011667
0 0.445119 0.361667 0.048810 0.015000
0 0.267738 0.383333 0.110714 0.011667
0 0.386190 0.382917 0.107143 0.010833
0 0.313571 0.400000 0.035714 0.013333
0 0.367738 0.399583 0.053571 0.014167
0 0.275476 0.420833 0.121429 0.013333
0 0.405833 0.421667 0.113095 0.015000
0 0.305238 0.455000 0.019048 0.033333
0 0.345714 0.455000 0.042857 0.015000
0 0.401667 0.455417 0.045238 0.014167
0 0.271905 0.491667 0.116667 0.015000
0 0.398095 0.490833 0.123810 0.013333
0 0.240952 0.588333 0.054762 0.033333
0 0.310595 0.590000 0.053571 0.036667
0 0.505238 0.590833 0.040476 0.015000
0 0.560000 0.590833 0.045238 0.015000
0 0.750476 0.589583 0.054762 0.032500
0 0.822500 0.590833 0.067857 0.036667
0 0.233214 0.622500 0.041667 0.013333
0 0.291548 0.625000 0.053571 0.015000
0 0.261190 0.645833 0.097619 0.011667
0 0.369524 0.645833 0.107143 0.015000
0 0.297500 0.679583 0.015476 0.034167
0 0.270119 0.714583 0.115476 0.012500
0 0.395119 0.715000 0.110714 0.013333
0 0.446905 0.730833 0.061905 0.015000
0 0.617143 0.731250 0.061905 0.015833
0 0.248095 0.754167 0.071429 0.011667
0 0.337381 0.753333 0.078571 0.015000
0 0.257024 0.792917 0.089286 0.010833
0 0.352262 0.792917 0.079762 0.014167
0 0.258810 0.831667 0.092857 0.011667
0 0.365357 0.831250 0.094048 0.014167
0 0.415952 0.848750 0.052381 0.014167
0 0.478452 0.848333 0.044048 0.015000
