0 0.305238 0.171667 0.035714 0.016667
0 0.348690 0.171667 0.039286 0.015000
0 0.404643 0.172917 0.058333 0.014167
0 0.633810 0.172917 0.173810 0.032500
0 0.317738 0.210000 0.141667 0.018333
0 0.579048 0.211250 0.071429 0.034167
0 0.198690 0.277083 0.048810 0.017500
0 0.264167 0.277917 0.048810 0.032500
0 0.429643 0.279583 0.051190 0.015833
0 0.503452 0.277500 0.070238 0.020000
0 0.699881 0.278750 0.096429 0.019167
0 0.214762 0.312917 0.083333 0.015833
0 0.414762 0.312917 0.021429 0.017500
0 0.713571 0.313750 0.071429 0.019167
0 0.830833 0.313750 0.084524 0.020833
0 0.197500 0.335833 0.046429 0.020000
0 0.253452 0.335417 0.048810 0.017500
0 0.346310 0.336250 0.117857 0.015833
0 0.445119 0.334583 0.048810 0.017500
0 0.543333 0.336667 0.128571 0.018333
0 0.250476 0.358333 0.159524 0.015000
0 0.431429 0.357917 0.176190 0.020833
0 0.610000 0.444583 0.061905 0.015833
0 0.674286 0.446667 0.054762 0.013333
0 0.730238 0.443750 0.047619 0.015833
0 0.262976 0.475000 0.177381 0.026667
0 0.492738 0.474583 0.127381 0.015833
0 0.686786 0.476250 0.053571 0.014167
0 0.488571 0.497500 0.092857 0.016667
0 0.567143 0.497083 0.054762 0.014167
0 0.311786 0.535833 0.051190 0.013333
0 0.373095 0.535833 0.052381 0.016667
0 0.790357 0.517500 0.053571 0.015000
0 0.436786 0.639167 0.065476 0.021667
