0 0.304048 0.395833 0.038095 0.016667
0 0.517143 0.499167 0.154762 0.016667
0 0.643929 0.524583 0.144048 0.014167
0 0.761190 0.548750 0.221429 0.012500
0 0.170714 0.564583 0.080952 0.014167
0 0.356429 0.615000 0.164286 0.013333
0 0.434405 0.639583 0.332143 0.014167
0 0.510000 0.662917 0.295238 0.014167
0 0.432619 0.710000 0.140476 0.011667
0 0.533810 0.734167 0.285714 0.015000
0 0.598690 0.759583 0.551190 0.012500
0 0.189167 0.774583 0.117857 0.014167
0 0.536190 0.800417 0.288095 0.015833
0 0.510595 0.842083 0.215476 0.039167
