0 0.388571 0.164583 0.150000 0.015833
0 0.546905 0.164583 0.097619 0.020833
0 0.787381 0.170000 0.054762 0.015000
0 0.614167 0.196667 0.094048 0.015000
0 0.749286 0.194583 0.142857 0.015833
0 0.737381 0.219167 0.116667 0.016667
0 0.773095 0.252083 0.107143 0.017500
0 0.782024 0.273750 0.122619 0.017500
0 0.727857 0.290417 0.019048 0.009167
0 0.768333 0.289583 0.014286 0.007500
0 0.821310 0.289583 0.013095 0.010833
0 0.821310 0.310000 0.070238 0.013333
0 0.673095 0.233750 0.009524 0.005833
0 0.715357 0.233750 0.020238 0.005833
0 0.760595 0.231250 0.017857 0.007500
0 0.327857 0.317500 0.090476 0.015000
0 0.702262 0.362500 0.017857 0.016667
0 0.603452 0.384167 0.110714 0.015000
0 0.269524 0.364583 0.026190 0.019167
0 0.369524 0.430000 0.042857 0.018333
0 0.636786 0.451667 0.105952 0.015000
0 0.385595 0.475417 0.067857 0.014167
0 0.636786 0.476250 0.070238 0.019167
0 0.803452 0.430833 0.020238 0.015000
0 0.297500 0.495417 0.094048 0.014167
0 0.321310 0.521250 0.055952 0.015833
0 0.568333 0.521250 0.066667 0.015833
0 0.506429 0.545833 0.692857 0.016667
0 0.560595 0.570417 0.172619 0.015833
0 0.585595 0.620000 0.389286 0.020000
0 0.218929 0.712917 0.041667 0.017500
0 0.305833 0.711667 0.039286 0.016667
0 0.657619 0.714583 0.080952 0.015833
0 0.268333 0.734583 0.038095 0.017500
0 0.354048 0.735000 0.035714 0.015000
0 0.540952 0.762500 0.238095 0.015000
0 0.226071 0.790000 0.072619 0.013333
0 0.474286 0.787917 0.185714 0.014167
0 0.379643 0.866250 0.144048 0.015833
0 0.523690 0.867500 0.079762 0.016667
