0 0.218333 0.208333 0.076190 0.035000
0 0.476667 0.209167 0.066667 0.033333
0 0.654643 0.208750 0.051190 0.017500
0 0.260000 0.268333 0.161905 0.045000
0 0.471905 0.265833 0.061905 0.035000
0 0.722500 0.263750 0.189286 0.040833
0 0.214762 0.313750 0.033333 0.019167
0 0.677262 0.315833 0.020238 0.015000
0 0.228452 0.350000 0.034524 0.016667
0 0.510000 0.351667 0.033333 0.015000
0 0.673095 0.351667 0.030952 0.013333
0 0.237381 0.391667 0.064286 0.033333
0 0.374286 0.390417 0.061905 0.035833
0 0.672500 0.389167 0.029762 0.016667
0 0.214762 0.446250 0.069048 0.035833
0 0.476667 0.444167 0.030952 0.018333
0 0.665357 0.441667 0.070238 0.038333
0 0.222500 0.520833 0.032143 0.015000
0 0.485000 0.519583 0.033333 0.014167
0 0.689167 0.520000 0.034524 0.013333
0 0.295119 0.542917 0.103571 0.015833
0 0.484405 0.542917 0.098810 0.010833
0 0.230833 0.580417 0.110714 0.034167
0 0.486786 0.578750 0.034524 0.019167
0 0.658810 0.577917 0.019048 0.019167
0 0.211786 0.614583 0.029762 0.014167
0 0.487381 0.615417 0.033333 0.010833
0 0.197500 0.678750 0.053571 0.015833
0 0.214167 0.702500 0.032143 0.015000
0 0.518929 0.703750 0.134524 0.015833
0 0.303452 0.737500 0.253571 0.040000
0 0.337381 0.806667 0.323810 0.031667
0 0.222500 0.842083 0.032143 0.015833
0 0.460595 0.841250 0.036905 0.014167
0 0.232024 0.865000 0.025000 0.015000
0 0.704048 0.865000 0.035714 0.016667
