0 0.398690 0.166667 0.082143 0.018333
0 0.548095 0.166667 0.069048 0.020000
0 0.362976 0.188750 0.020238 0.017500
0 0.754643 0.266667 0.027381 0.020000
0 0.335595 0.297500 0.025000 0.020000
0 0.364762 0.329167 0.028571 0.020000
0 0.558810 0.355833 0.026190 0.020000
0 0.636190 0.395833 0.071429 0.033333
0 0.471905 0.394583 0.061905 0.019167
0 0.202262 0.472083 0.077381 0.020833
0 0.589762 0.497917 0.071429 0.015833
0 0.237976 0.522083 0.017857 0.017500
0 0.312976 0.565000 0.060714 0.015000
0 0.399881 0.587500 0.084524 0.015000
0 0.548690 0.587917 0.070238 0.017500
0 0.280833 0.611667 0.017857 0.016667
0 0.196905 0.631667 0.047619 0.015000
0 0.757024 0.711667 0.027381 0.020000
0 0.335000 0.737500 0.026190 0.020000
0 0.264167 0.763750 0.022619 0.017500
