0 0.389167 0.172083 0.063095 0.019167
0 0.574881 0.202083 0.065476 0.019167
0 0.492143 0.239167 0.045238 0.013333
0 0.669524 0.242500 0.102381 0.031667
0 0.282024 0.273750 0.098810 0.034167
0 0.527857 0.308333 0.183333 0.038333
0 0.460595 0.348333 0.051190 0.030000
0 0.674881 0.345000 0.027381 0.020000
0 0.435595 0.374167 0.029762 0.018333
0 0.808214 0.400417 0.067857 0.017500
0 0.351071 0.457083 0.060714 0.020833
0 0.377262 0.496667 0.039286 0.018333
0 0.565357 0.522917 0.039286 0.020833
0 0.492738 0.557500 0.046429 0.015000
0 0.654048 0.561667 0.078571 0.030000
0 0.357619 0.592917 0.076190 0.034167
0 0.404048 0.632083 0.023810 0.034167
0 0.605238 0.630833 0.028571 0.020000
0 0.433810 0.665000 0.023810 0.018333
0 0.340952 0.692083 0.038095 0.020833
0 0.290357 0.767083 0.027381 0.019167
0 0.305238 0.795417 0.069048 0.019167
0 0.247500 0.860417 0.029762 0.034167
0 0.420119 0.859167 0.032143 0.018333
0 0.609405 0.856667 0.063095 0.020000
