0 0.370119 0.172083 0.075000 0.017500
0 0.445714 0.172083 0.045238 0.019167
0 0.524881 0.172083 0.086905 0.017500
0 0.648095 0.170417 0.135714 0.015833
0 0.496905 0.218750 0.164286 0.014167
0 0.535595 0.266250 0.165476 0.014167
0 0.784405 0.266667 0.051190 0.015000
0 0.416548 0.285000 0.225000 0.016667
0 0.255238 0.302500 0.092857 0.015000
0 0.485595 0.302083 0.094048 0.015833
0 0.579643 0.303333 0.044048 0.013333
0 0.720714 0.304583 0.035714 0.017500
0 0.146905 0.322917 0.038095 0.017500
0 0.217738 0.322917 0.048810 0.014167
0 0.213571 0.347083 0.035714 0.017500
0 0.318929 0.364167 0.036905 0.018333
0 0.558810 0.365000 0.040476 0.016667
0 0.629048 0.364583 0.047619 0.017500
0 0.843333 0.365000 0.035714 0.016667
0 0.439167 0.389167 0.153571 0.016667
0 0.570119 0.387917 0.055952 0.014167
0 0.432619 0.412083 0.300000 0.019167
0 0.399286 0.436667 0.233333 0.016667
0 0.255833 0.460417 0.091667 0.015833
0 0.385595 0.460000 0.077381 0.016667
0 0.258214 0.496667 0.039286 0.018333
0 0.345714 0.495000 0.071429 0.016667
0 0.520714 0.519583 0.026190 0.019167
0 0.589167 0.539583 0.122619 0.014167
0 0.747500 0.539583 0.077381 0.015833
0 0.177857 0.566667 0.100000 0.015000
0 0.317143 0.566667 0.071429 0.036667
0 0.475476 0.599583 0.119048 0.014167
0 0.665952 0.597917 0.157143 0.015833
0 0.828452 0.596250 0.060714 0.037500
0 0.482619 0.636667 0.059524 0.013333
0 0.643333 0.637500 0.209524 0.036667
0 0.668333 0.818750 0.035714 0.017500
0 0.746310 0.816667 0.072619 0.015000
