0 0.313571 0.193333 0.078571 0.015000
0 0.312976 0.221250 0.048810 0.012500
0 0.402857 0.223750 0.047619 0.017500
0 0.266548 0.240833 0.063095 0.016667
0 0.410595 0.290000 0.141667 0.035000
0 0.743929 0.381250 0.060714 0.017500
0 0.834405 0.380000 0.055952 0.018333
0 0.326071 0.597500 0.022619 0.016667
0 0.377857 0.598750 0.059524 0.015833
0 0.446310 0.597917 0.060714 0.014167
0 0.265952 0.617500 0.061905 0.013333
0 0.336190 0.617917 0.061905 0.012500
0 0.426071 0.617917 0.058333 0.015833
0 0.323690 0.667500 0.098810 0.016667
0 0.458810 0.668333 0.164286 0.018333
0 0.317143 0.688333 0.164286 0.015000
0 0.313571 0.776667 0.054762 0.016667
0 0.399286 0.778750 0.057143 0.017500
