0 0.196905 0.200000 0.026190 0.023333
0 0.232619 0.198750 0.026190 0.024167
0 0.275476 0.198333 0.035714 0.021667
0 0.308810 0.202083 0.016667 0.014167
0 0.352262 0.199583 0.044048 0.045833
0 0.390357 0.234167 0.029762 0.016667
0 0.635000 0.287083 0.019048 0.017500
0 0.243333 0.362083 0.133333 0.017500
0 0.436190 0.361667 0.116667 0.016667
0 0.433810 0.386667 0.414286 0.020000
0 0.440357 0.409583 0.020238 0.017500
0 0.673095 0.430000 0.019048 0.018333
0 0.288571 0.469167 0.019048 0.016667
0 0.393929 0.474167 0.117857 0.018333
0 0.654643 0.473333 0.120238 0.016667
0 0.302262 0.499583 0.136905 0.017500
0 0.532619 0.522083 0.028571 0.019167
0 0.295119 0.600833 0.027381 0.018333
0 0.533214 0.629583 0.029762 0.020833
0 0.432024 0.658750 0.060714 0.015833
0 0.593929 0.660417 0.075000 0.030833
0 0.283810 0.723750 0.066667 0.032500
0 0.207024 0.749167 0.084524 0.020000
0 0.585595 0.774583 0.070238 0.017500
0 0.821905 0.774583 0.019048 0.017500
0 0.311786 0.824167 0.058333 0.011667
