0 0.465357 0.344583 0.015476 0.039167
0 0.492738 0.345833 0.015476 0.038333
0 0.709405 0.348333 0.027381 0.036667
0 0.742143 0.347917 0.016667 0.037500
0 0.480833 0.388750 0.044048 0.022500
0 0.533810 0.388333 0.035714 0.020000
0 0.706429 0.388750 0.021429 0.015833
0 0.736786 0.390833 0.017857 0.030000
0 0.257024 0.430000 0.084524 0.016667
0 0.524286 0.430833 0.135714 0.018333
0 0.730833 0.431250 0.070238 0.017500
0 0.248690 0.458333 0.075000 0.016667
0 0.495714 0.458750 0.085714 0.015833
0 0.731429 0.457917 0.080952 0.014167
0 0.277857 0.523333 0.128571 0.018333
0 0.452857 0.523750 0.152381 0.014167
0 0.296905 0.545417 0.164286 0.017500
0 0.468333 0.545000 0.116667 0.015000
0 0.288571 0.568333 0.150000 0.015000
0 0.485000 0.567917 0.178571 0.015833
0 0.727262 0.589167 0.127381 0.015000
0 0.486190 0.589583 0.021429 0.017500
0 0.514167 0.590000 0.022619 0.016667
0 0.289167 0.612917 0.153571 0.017500
0 0.403452 0.613333 0.063095 0.015000
0 0.502262 0.612083 0.117857 0.015833
0 0.599286 0.612500 0.064286 0.015000
0 0.291548 0.635000 0.160714 0.015000
0 0.424286 0.635833 0.092857 0.015000
0 0.525476 0.633750 0.088095 0.015833
0 0.626667 0.634167 0.102381 0.015000
0 0.296310 0.657500 0.165476 0.015000
0 0.435000 0.657083 0.092857 0.015833
0 0.534405 0.657083 0.091667 0.015833
0 0.618333 0.656667 0.064286 0.015000
0 0.242143 0.752083 0.135714 0.015833
0 0.478452 0.752083 0.041667 0.015833
0 0.549286 0.750000 0.080952 0.018333
0 0.564167 0.778333 0.053571 0.013333
0 0.478452 0.777917 0.039286 0.012500
0 0.186190 0.778750 0.023810 0.017500
0 0.210000 0.776667 0.009524 0.016667
0 0.232024 0.865833 0.120238 0.013333
0 0.346905 0.865833 0.104762 0.013333
