0 0.396310 0.165833 0.160714 0.016667
0 0.634405 0.166667 0.077381 0.015000
0 0.734405 0.166667 0.079762 0.015000
0 0.152262 0.185833 0.044048 0.015000
0 0.228452 0.183750 0.048810 0.014167
0 0.470119 0.183333 0.110714 0.013333
0 0.574286 0.227083 0.576190 0.039167
0 0.540357 0.272083 0.505952 0.040833
0 0.707619 0.310000 0.180952 0.016667
0 0.595119 0.352500 0.470238 0.015000
0 0.549286 0.377500 0.154762 0.018333
0 0.405238 0.400417 0.107143 0.017500
0 0.676667 0.400000 0.090476 0.013333
0 0.788571 0.400000 0.080952 0.013333
0 0.208214 0.437083 0.053571 0.035833
0 0.295714 0.437917 0.059524 0.014167
0 0.544524 0.437917 0.111905 0.017500
0 0.645714 0.436667 0.019048 0.041667
0 0.554048 0.489167 0.533333 0.036667
0 0.548095 0.541250 0.519048 0.039167
0 0.791548 0.582500 0.144048 0.015000
0 0.152857 0.600833 0.047619 0.016667
0 0.387976 0.601250 0.048810 0.014167
0 0.479643 0.602083 0.048810 0.015833
0 0.681429 0.601667 0.038095 0.015000
0 0.498095 0.624583 0.283333 0.017500
0 0.586190 0.649583 0.223810 0.015833
0 0.596310 0.673333 0.241667 0.018333
0 0.451071 0.695000 0.017857 0.015000
0 0.420714 0.719583 0.047619 0.012500
0 0.524881 0.719583 0.136905 0.017500
0 0.672500 0.720833 0.072619 0.016667
0 0.470714 0.758750 0.116667 0.037500
0 0.479048 0.807917 0.078571 0.034167
