0 0.316548 0.166667 0.139286 0.013333
0 0.515952 0.166250 0.100000 0.014167
0 0.218333 0.231250 0.047619 0.014167
0 0.729048 0.254167 0.045238 0.013333
0 0.462381 0.255000 0.042857 0.013333
0 0.563571 0.361250 0.028571 0.039167
0 0.604048 0.361250 0.023810 0.040833
0 0.564762 0.369167 0.023810 0.018333
0 0.602857 0.370417 0.021429 0.019167
0 0.835000 0.357083 0.064286 0.034167
0 0.849286 0.349167 0.023810 0.018333
0 0.380833 0.527500 0.027381 0.038333
0 0.429643 0.527083 0.041667 0.044167
0 0.418929 0.583333 0.139286 0.046667
0 0.570119 0.582500 0.141667 0.045000
0 0.722500 0.583750 0.139286 0.045833
0 0.261786 0.647083 0.027381 0.034167
0 0.316548 0.648750 0.013095 0.035833
0 0.242738 0.711250 0.048810 0.039167
0 0.302857 0.713333 0.050000 0.035000
0 0.498690 0.710833 0.055952 0.011667
0 0.567143 0.710417 0.054762 0.012500
0 0.564167 0.677083 0.041667 0.015833
0 0.500476 0.676667 0.054762 0.016667
0 0.236190 0.675833 0.045238 0.010000
0 0.296310 0.675417 0.055952 0.010833
0 0.279643 0.792083 0.055952 0.014167
0 0.687381 0.758333 0.050000 0.035000
0 0.749286 0.757083 0.019048 0.037500
0 0.676071 0.790000 0.041667 0.015000
0 0.282024 0.820833 0.065476 0.023333
0 0.360595 0.820417 0.067857 0.019167
0 0.440357 0.820417 0.067857 0.020833
0 0.523690 0.820000 0.075000 0.020000
0 0.279643 0.860417 0.055952 0.015833
0 0.733214 0.863750 0.032143 0.037500
0 0.774286 0.861667 0.028571 0.035000
0 0.814762 0.860417 0.030952 0.037500
0 0.400476 0.387083 0.040476 0.017500
0 0.255833 0.390000 0.084524 0.020000
