0 0.351071 0.165833 0.077381 0.018333
0 0.755238 0.165833 0.019048 0.018333
0 0.450476 0.202500 0.019048 0.016667
0 0.860595 0.200833 0.022619 0.016667
0 0.440952 0.353750 0.095238 0.017500
0 0.644524 0.354167 0.211905 0.018333
0 0.573690 0.377083 0.294048 0.017500
0 0.318929 0.377083 0.144048 0.017500
0 0.297500 0.420417 0.148810 0.017500
0 0.253452 0.463333 0.246429 0.021667
0 0.756429 0.511667 0.223810 0.018333
0 0.173095 0.531250 0.085714 0.014167
0 0.284405 0.549167 0.310714 0.016667
0 0.434405 0.664167 0.098810 0.015000
0 0.562381 0.665000 0.128571 0.015000
0 0.547500 0.686667 0.053571 0.015000
0 0.567738 0.730000 0.463095 0.033333
0 0.441548 0.843333 0.079762 0.016667
0 0.548095 0.843750 0.107143 0.017500
0 0.684405 0.845000 0.144048 0.016667
0 0.191548 0.868333 0.015476 0.020000
0 0.252262 0.868333 0.017857 0.018333
