0 0.418333 0.441250 0.019048 0.015833
0 0.462381 0.440833 0.050000 0.015000
0 0.521786 0.441083 0.053095 0.015500
0 0.578095 0.441917 0.050000 0.017167
0 0.636190 0.440500 0.050000 0.016667
0 0.709524 0.440250 0.049048 0.017167
0 0.422262 0.486667 0.020714 0.017667
0 0.464762 0.485583 0.050000 0.014500
0 0.540119 0.486417 0.051667 0.017167
0 0.418571 0.508917 0.021429 0.017833
0 0.460714 0.507500 0.050000 0.015000
0 0.519048 0.507500 0.050952 0.016000
0 0.578214 0.508333 0.051667 0.015667
0 0.688929 0.507750 0.050714 0.015500
0 0.251071 0.576667 0.075000 0.015000
0 0.496905 0.577083 0.083333 0.017500
0 0.736786 0.577500 0.094048 0.018333
0 0.271905 0.599583 0.116667 0.015833
0 0.504643 0.599167 0.096429 0.015000
0 0.258214 0.620833 0.089286 0.016667
0 0.348690 0.621250 0.075000 0.015833
0 0.507619 0.622083 0.109524 0.017500
0 0.605238 0.621250 0.069048 0.014167
0 0.740357 0.620833 0.098810 0.015000
0 0.832024 0.621250 0.065476 0.017500
0 0.258810 0.642917 0.090476 0.014167
0 0.345119 0.642917 0.070238 0.012500
0 0.509405 0.644167 0.108333 0.016667
0 0.604048 0.642917 0.066667 0.014167
0 0.740952 0.644583 0.102381 0.017500
0 0.831429 0.644583 0.064286 0.015833
