0 0.571905 0.208750 0.109524 0.019167
0 0.408810 0.268750 0.161905 0.037500
0 0.408810 0.325833 0.114286 0.035000
0 0.172500 0.360000 0.048810 0.015000
0 0.273095 0.359167 0.047619 0.015000
0 0.362976 0.360000 0.051190 0.013333
0 0.727262 0.382917 0.094048 0.014167
0 0.324286 0.425833 0.128571 0.016667
0 0.435000 0.491250 0.230952 0.019167
0 0.383214 0.527500 0.075000 0.013333
0 0.476071 0.527083 0.046429 0.012500
0 0.561190 0.527917 0.016667 0.039167
0 0.652857 0.529167 0.038095 0.018333
0 0.489762 0.559167 0.173810 0.013333
0 0.537976 0.598750 0.632143 0.039167
0 0.500476 0.654583 0.614286 0.039167
0 0.332619 0.756250 0.307143 0.040833
0 0.538571 0.812500 0.404762 0.043333
0 0.210000 0.867083 0.166667 0.015833
0 0.481429 0.850000 0.014286 0.016667
0 0.505833 0.848333 0.013095 0.018333
0 0.527857 0.850000 0.014286 0.016667
