0 0.492143 0.165833 0.345238 0.020000
0 0.185000 0.192083 0.021429 0.017500
0 0.214762 0.193750 0.019048 0.015833
0 0.273095 0.192917 0.016667 0.015833
0 0.483810 0.237917 0.338095 0.014167
0 0.546905 0.272500 0.492857 0.016667
0 0.812976 0.408333 0.122619 0.015000
0 0.315357 0.556250 0.017857 0.017500
0 0.348690 0.579583 0.127381 0.014167
0 0.551667 0.579583 0.209524 0.014167
0 0.217143 0.725417 0.021429 0.014167
0 0.241548 0.803333 0.032143 0.020000
0 0.285595 0.802083 0.027381 0.019167
0 0.326071 0.802083 0.027381 0.022500
0 0.506429 0.802500 0.033333 0.021667
0 0.850476 0.850000 0.019048 0.036667
0 0.442738 0.872500 0.051190 0.015000
