0 0.508810 0.188333 0.454762 0.040000
0 0.464167 0.249167 0.434524 0.038333
0 0.686190 0.319583 0.107143 0.017500
0 0.500476 0.385833 0.254762 0.016667
0 0.325476 0.410417 0.104762 0.015833
0 0.537976 0.409583 0.082143 0.014167
0 0.645119 0.409167 0.082143 0.013333
0 0.814762 0.409167 0.061905 0.013333
0 0.156429 0.429583 0.057143 0.012500
0 0.471905 0.427083 0.109524 0.014167
0 0.517738 0.472500 0.572619 0.038333
0 0.482619 0.530417 0.552381 0.039167
0 0.596310 0.578750 0.058333 0.015833
0 0.498095 0.621667 0.202381 0.018333
0 0.429048 0.652917 0.242857 0.027500
0 0.296905 0.696250 0.050000 0.017500
0 0.479643 0.694583 0.067857 0.019167
0 0.587976 0.695833 0.086905 0.018333
0 0.374286 0.730833 0.052381 0.015000
0 0.457024 0.731667 0.027381 0.023333
0 0.543929 0.730833 0.039286 0.023333
0 0.467738 0.802083 0.467857 0.037500
0 0.489167 0.862917 0.563095 0.035833
