0 0.648690 0.193333 0.039286 0.011667
0 0.702262 0.194167 0.041667 0.013333
0 0.649881 0.215833 0.041667 0.011667
0 0.708810 0.217083 0.050000 0.012500
0 0.233810 0.237917 0.042857 0.012500
0 0.280833 0.238750 0.036905 0.014167
0 0.395714 0.237500 0.042857 0.013333
0 0.592143 0.237917 0.047619 0.012500
0 0.649881 0.239167 0.041667 0.013333
0 0.270119 0.260417 0.115476 0.012500
0 0.396905 0.260417 0.114286 0.012500
0 0.432024 0.277083 0.058333 0.014167
0 0.499881 0.277917 0.048810 0.012500
0 0.264167 0.299167 0.101190 0.016667
0 0.380238 0.299167 0.102381 0.015000
0 0.302857 0.320833 0.021429 0.031667
0 0.257619 0.349583 0.090476 0.015833
0 0.358214 0.349167 0.089286 0.013333
0 0.252857 0.388333 0.076190 0.011667
0 0.346310 0.387917 0.086905 0.010833
0 0.838571 0.387917 0.052381 0.014167
0 0.237381 0.404583 0.047619 0.015833
0 0.269524 0.427083 0.111905 0.014167
0 0.398095 0.427083 0.121429 0.012500
0 0.514762 0.444583 0.059524 0.015833
0 0.645714 0.444167 0.052381 0.013333
0 0.242143 0.524167 0.050000 0.033333
0 0.304048 0.523750 0.047619 0.034167
0 0.505833 0.521667 0.039286 0.016667
0 0.559405 0.522083 0.044048 0.015833
0 0.751667 0.524167 0.045238 0.033333
0 0.817738 0.522917 0.060714 0.015833
0 0.233214 0.551667 0.041667 0.013333
0 0.285000 0.550833 0.040476 0.013333
0 0.505238 0.550833 0.040476 0.011667
0 0.557024 0.551250 0.039286 0.014167
0 0.740952 0.552083 0.040476 0.012500
0 0.795714 0.552083 0.040476 0.014167
0 0.232619 0.572917 0.040476 0.014167
0 0.286190 0.572917 0.040476 0.012500
0 0.504048 0.573333 0.040476 0.013333
0 0.557619 0.574583 0.038095 0.014167
0 0.252857 0.595833 0.080952 0.011667
0 0.334405 0.595000 0.070238 0.013333
0 0.264762 0.641250 0.095238 0.035833
0 0.370119 0.642500 0.091667 0.033333
0 0.567143 0.664583 0.050000 0.015833
0 0.626667 0.666250 0.054762 0.014167
0 0.274881 0.699167 0.115476 0.036667
0 0.411786 0.698750 0.136905 0.037500
0 0.485000 0.728750 0.052381 0.012500
0 0.548690 0.728750 0.051190 0.012500
0 0.251667 0.877917 0.161905 0.015833
0 0.410595 0.879167 0.141667 0.016667
