0 0.287381 0.244167 0.080952 0.013333
0 0.498690 0.244167 0.079762 0.015000
0 0.436786 0.245000 0.020238 0.013333
0 0.581429 0.265833 0.021429 0.015000
0 0.790357 0.286667 0.046429 0.016667
0 0.842738 0.306250 0.051190 0.017500
0 0.321310 0.287917 0.051190 0.015833
0 0.505833 0.287083 0.082143 0.014167
0 0.197500 0.419583 0.029762 0.020833
0 0.539762 0.502083 0.073810 0.014167
0 0.320714 0.649583 0.028571 0.020833
0 0.502262 0.648750 0.027381 0.020833
0 0.651071 0.750833 0.070238 0.013333
0 0.470714 0.770000 0.071429 0.015000
