0 0.574881 0.165417 0.077381 0.017500
0 0.667143 0.166250 0.076190 0.015833
0 0.764762 0.166667 0.090476 0.015000
0 0.554643 0.189167 0.044048 0.018333
0 0.609405 0.188750 0.053571 0.015833
0 0.670714 0.189583 0.054762 0.019167
0 0.233214 0.228333 0.039286 0.015000
0 0.292143 0.228333 0.052381 0.015000
0 0.508810 0.229583 0.142857 0.034167
0 0.661190 0.229583 0.140476 0.034167
0 0.233214 0.273333 0.039286 0.013333
0 0.287976 0.274167 0.044048 0.013333
0 0.467738 0.274583 0.072619 0.012500
0 0.565952 0.275000 0.097619 0.033333
0 0.711786 0.274583 0.041667 0.014167
0 0.764762 0.275000 0.038095 0.016667
0 0.216548 0.303333 0.086905 0.016667
0 0.314762 0.303750 0.076190 0.017500
0 0.405833 0.303750 0.077381 0.017500
0 0.505238 0.305417 0.090476 0.017500
0 0.279048 0.418750 0.138095 0.017500
0 0.273095 0.441667 0.126190 0.013333
0 0.286190 0.462500 0.147619 0.015000
0 0.285595 0.485417 0.144048 0.012500
0 0.534405 0.566250 0.017857 0.034167
0 0.749881 0.569167 0.044048 0.036667
0 0.756429 0.577917 0.026190 0.017500
0 0.806429 0.565417 0.047619 0.020833
0 0.222500 0.616250 0.017857 0.037500
0 0.251071 0.617500 0.017857 0.038333
0 0.499286 0.617500 0.021429 0.036667
0 0.536190 0.615417 0.019048 0.034167
0 0.434405 0.771250 0.072619 0.022500
0 0.526071 0.772917 0.082143 0.019167
0 0.708810 0.781667 0.040476 0.043333
0 0.714762 0.772083 0.023810 0.019167
0 0.762976 0.784583 0.041667 0.039167
0 0.768333 0.774167 0.023810 0.016667
0 0.433214 0.849167 0.072619 0.038333
0 0.452262 0.839583 0.032143 0.017500
0 0.521310 0.847083 0.072619 0.037500
0 0.538571 0.838750 0.030952 0.017500
