0 0.498095 0.192083 0.014286 0.034167
0 0.496905 0.227500 0.040476 0.018333
0 0.570714 0.288333 0.019048 0.036667
0 0.787976 0.315417 0.015476 0.037500
0 0.287381 0.312500 0.038095 0.015000
0 0.444524 0.383750 0.016667 0.034167
0 0.189762 0.438333 0.021429 0.035000
0 0.423095 0.432083 0.035714 0.015833
0 0.851071 0.433750 0.015476 0.034167
0 0.374286 0.513750 0.288095 0.037500
0 0.383810 0.562917 0.304762 0.035833
0 0.400476 0.611250 0.342857 0.035833
0 0.489762 0.661667 0.521429 0.038333
0 0.142143 0.735417 0.019048 0.032500
0 0.397500 0.729583 0.036905 0.017500
0 0.851071 0.732500 0.015476 0.036667
0 0.336190 0.822917 0.061905 0.029167
0 0.333810 0.845000 0.042857 0.015000
