0 0.458214 0.165833 0.055952 0.015000
0 0.516548 0.166667 0.046429 0.011667
0 0.785595 0.165000 0.025000 0.016667
0 0.253452 0.184583 0.091667 0.012500
0 0.720714 0.184167 0.088095 0.015000
0 0.190952 0.274167 0.092857 0.015000
0 0.370119 0.336250 0.115476 0.019167
0 0.256429 0.381667 0.071429 0.015000
0 0.383810 0.380417 0.073810 0.014167
0 0.160000 0.488750 0.059524 0.017500
0 0.240357 0.492500 0.029762 0.035000
0 0.325476 0.518750 0.066667 0.014167
0 0.257024 0.566667 0.094048 0.011667
0 0.521905 0.617500 0.059524 0.011667
0 0.585595 0.616667 0.048810 0.011667
0 0.782619 0.617917 0.095238 0.014167
0 0.461190 0.694583 0.061905 0.012500
0 0.528452 0.695000 0.051190 0.013333
0 0.571310 0.717500 0.091667 0.013333
0 0.515952 0.768333 0.111905 0.015000
0 0.191548 0.792500 0.125000 0.015000
0 0.652857 0.791667 0.126190 0.015000
