0 0.376667 0.166667 0.428571 0.020000
0 0.511190 0.195417 0.111905 0.017500
0 0.666548 0.195833 0.134524 0.018333
0 0.275476 0.227917 0.057143 0.035833
0 0.376071 0.228750 0.046429 0.015833
0 0.149286 0.268750 0.028571 0.022500
0 0.202857 0.268333 0.040476 0.020000
0 0.248095 0.272500 0.014286 0.036667
0 0.382619 0.357083 0.035714 0.014167
0 0.565952 0.357917 0.030952 0.020833
0 0.314167 0.395417 0.179762 0.014167
0 0.474286 0.396250 0.092857 0.015833
0 0.314762 0.417917 0.178571 0.015833
0 0.488571 0.417500 0.126190 0.015000
0 0.295119 0.439167 0.139286 0.011667
0 0.478452 0.439167 0.094048 0.016667
0 0.246905 0.499167 0.040476 0.016667
0 0.363571 0.499583 0.178571 0.017500
0 0.268333 0.520833 0.080952 0.013333
0 0.407024 0.521250 0.179762 0.014167
0 0.267143 0.543333 0.080952 0.013333
0 0.396905 0.542917 0.157143 0.014167
0 0.475476 0.573333 0.183333 0.015000
0 0.765952 0.572083 0.026190 0.040833
0 0.839167 0.572917 0.039286 0.037500
0 0.851071 0.600000 0.041667 0.010000
0 0.340357 0.598333 0.120238 0.013333
0 0.547500 0.601667 0.032143 0.013333
0 0.246310 0.617917 0.058333 0.012500
0 0.446310 0.618750 0.034524 0.012500
0 0.433214 0.640417 0.032143 0.015833
0 0.471310 0.640417 0.032143 0.015833
0 0.510595 0.640000 0.029762 0.018333
0 0.576071 0.639167 0.029762 0.018333
0 0.302857 0.677917 0.152381 0.014167
0 0.561786 0.678333 0.151190 0.016667
0 0.779048 0.677917 0.097619 0.014167
0 0.289762 0.800000 0.128571 0.011667
0 0.379048 0.798750 0.014286 0.037500
0 0.634405 0.798750 0.125000 0.012500
