0 0.776667 0.226250 0.014286 0.034167
0 0.211786 0.396250 0.067857 0.015833
0 0.825476 0.376667 0.080952 0.015000
0 0.605833 0.438750 0.044048 0.014167
0 0.661190 0.463750 0.078571 0.014167
0 0.742143 0.462917 0.071429 0.015833
0 0.280238 0.488333 0.040476 0.013333
0 0.450476 0.488333 0.040476 0.013333
0 0.402857 0.530417 0.178571 0.015833
0 0.417143 0.622083 0.019048 0.017500
0 0.311190 0.652083 0.023810 0.017500
0 0.346905 0.653333 0.026190 0.020000
0 0.280833 0.697083 0.015476 0.030833
0 0.195714 0.721250 0.035714 0.017500
0 0.233214 0.757500 0.046429 0.028333
0 0.846905 0.755000 0.035714 0.015000
0 0.233810 0.820833 0.047619 0.028333
0 0.198095 0.845000 0.038095 0.013333
